
~~~~~~~~~~~~~~~~~~~~~~~~~~~~~~~~~~~~~~~~~~~~~~~~~~~~~~~~~~~~~~~~~~~~~~~~~~~~~~~~

dataset_size = 256.00 MB    numObjs = 4194304    numCoords = 16    numClusters = 16    block_size = 128


|-----------Transpose GPU Kmeans------------|

t_alloc: 320.730925 ms

t_alloc_gpu: 2358.859062 ms

t_get_gpu: 90.337038 ms

nloops = 10 : total = 773.021936 ms
	-> t_loop_avg = 77.302194 ms
	-> t_loop_min = 76.607943 ms
	-> t_loop_max = 79.890966 ms

analysis: gpu = 171.435595 ms, transfer = 52.975655 ms, cpu = 548.605680 ms

|-------------------------------------------|

Final cluster centers:
clusters[0] =   3.00   6.88   6.32   2.55   6.08   6.13   6.15   7.01   5.55   4.64   5.24   4.80   5.47   3.58   5.28   3.51 
clusters[1] =   3.10   6.29   3.00   7.09   6.00   4.53   3.21   4.48   5.13   5.06   7.21   6.40   5.39   3.63   5.75   4.29 
clusters[2] =   5.48   4.24   6.69   6.76   2.57   4.54   3.09   6.98   4.73   5.93   4.86   3.54   5.20   3.26   5.64   3.83 
clusters[3] =   6.13   3.87   3.32   5.18   6.08   3.79   7.26   3.53   3.81   5.54   3.61   4.23   5.36   3.35   6.47   3.02 
clusters[4] =   6.92   6.91   5.63   6.35   5.03   3.83   7.19   6.88   4.87   5.99   6.87   4.26   5.28   6.57   3.75   4.84 
clusters[5] =   2.89   5.42   6.51   4.35   3.19   3.37   5.47   3.38   2.38   5.90   4.29   6.16   5.08   6.39   4.40   5.27 
clusters[6] =   4.16   4.10   3.18   5.19   6.16   3.90   5.48   6.53   6.92   6.84   3.24   7.07   5.06   5.72   3.85   6.54 
clusters[7] =   5.35   3.22   5.68   2.99   5.39   4.39   4.26   3.18   6.42   6.85   7.41   3.33   5.11   4.50   4.55   6.29 
clusters[8] =   5.89   7.18   3.14   3.64   3.14   3.16   4.35   3.96   6.43   3.02   4.82   3.77   5.04   5.58   5.71   5.99 
clusters[9] =   6.85   4.38   6.33   3.52   6.35   3.38   3.17   6.63   3.96   3.54   4.01   6.88   4.80   4.48   6.06   6.27 
clusters[10] =   5.23   3.95   7.05   6.51   5.47   6.39   6.93   3.98   5.48   3.52   6.77   6.92   4.80   5.06   6.59   6.53 
clusters[11] =   3.70   3.46   3.00   5.08   3.35   6.82   6.30   6.73   4.14   4.16   4.71   3.26   4.69   5.17   5.65   7.11 
clusters[12] =   5.96   6.92   5.51   5.99   6.10   6.88   4.56   3.31   4.07   5.08   3.32   4.13   4.84   3.18   3.11   6.88 
clusters[13] =   6.55   4.41   3.10   3.86   5.28   6.97   3.71   5.30   2.75   4.66   6.33   5.89   4.56   6.63   3.96   3.18 
clusters[14] =   4.97   4.63   5.25   4.84   2.56   6.70   5.04   3.44   7.53   4.83   3.76   6.78   4.72   5.61   4.16   2.89 
clusters[15] =   4.02   4.01   6.36   6.16   7.32   5.19   3.73   4.73   6.00   4.33   3.47   2.74   4.59   7.31   5.13   3.65 
