
~~~~~~~~~~~~~~~~~~~~~~~~~~~~~~~~~~~~~~~~~~~~~~~~~~~~~~~~~~~~~~~~~~~~~~~~~~~~~~~~

dataset_size = 256.00 MB    numObjs = 33554432    numCoords = 2    numClusters = 16    block_size = 64


|-----------Shared GPU Kmeans------------|

t_alloc: 167.182922 ms

t_alloc_gpu: 2386.250973 ms

t_get_gpu: 127.462864 ms

nloops = 10 : total = 1669.353962 ms
	-> t_loop_avg = 166.935396 ms
	-> t_loop_min = 154.962778 ms
	-> t_loop_max = 270.809889 ms

analysis: gpu = 463.678837 ms, transfer = 406.492949 ms, cpu = 799.174309 ms

|-------------------------------------------|

Final cluster centers:
clusters[0] =   1.53   8.77 
clusters[1] =   4.00   6.31 
clusters[2] =   6.33   4.02 
clusters[3] =   8.81   1.47 
clusters[4] =   9.11   8.16 
clusters[5] =   1.17   6.19 
clusters[6] =   4.20   3.59 
clusters[7] =   6.38   1.35 
clusters[8] =   6.95   8.89 
clusters[9] =   8.93   4.45 
clusters[10] =   2.28   4.03 
clusters[11] =   3.90   1.21 
clusters[12] =   4.43   8.76 
clusters[13] =   7.06   6.36 
clusters[14] =   0.78   3.14 
clusters[15] =   1.42   1.05 
